1.38954768435 -0.774612032301 1.59048781271 0.159957260477
-0.708459630996 1.73076459398 0.0157647416489 0.257483277735
-0.386353910466 -1.32339341173 1.45968470362 0.855180350573
1.00205464024 0.484281485772 1.85453589546 0.705190180738
1.56108728948 -1.77892499065 1.64676056035 0.829557463503
0.253068647811 -0.12944137763 1.35827689398 0.518964736099
1.4624463735 0.137068139242 1.07236115325 0.695871626482
-1.44606732799 -1.40786086981 -0.32010009327 0.387371571555
-0.878239041862 -0.12013666508 1.90857175802 0.0868957694652
-0.663357641334 -0.293331017943 1.34298354606 0.326146512196
-0.626778771416 0.109949290905 0.522359781956 0.477834535657
1.88308953799 1.300956148 1.78583054657 0.739577512152
0.958883179884 0.915552997327 0.776743141739 0.23922101714
-0.963169218995 -0.244286299427 0.485316351569 0.546174414024
-0.446115036169 1.93470081627 -0.609360185188 0.619907398645
-1.07883247956 -1.3210587284 1.01645050747 0.354840754435
-0.672691082701 -1.35877948095 1.35951513517 0.597260815602
0.831071486639 -1.21229557494 -0.377944236616 0.137567630857
0.416054607759 0.804093317236 -0.948508101383 0.926455839316
1.31892030707 -0.800154406605 1.17703934309 0.989404777523
-1.30222921593 0.525370300378 -1.63995572938 0.708777953541
-1.24564111354 0.371654930681 0.0707287967488 0.317701431738
-1.41718102683 0.449790122741 0.917524552294 0.357967157549
0.42582893328 -1.88013836153 -1.15906192024 0.0745486988439
1.11283890909 1.87512303828 -1.37920827366 0.609073289493
0.639397385379 -0.931955570311 1.77995561622 0.0142743798748
1.13988095153 -0.592924422585 1.9490693793 0.785836482635
-0.420076734052 0.906153777775 1.75500315517 0.730973466747
0.136854000747 -0.961283223995 1.63832269226 0.543342647395
0.992654107879 -0.990532866947 0.927177035354 0.872260374866
1.14931527899 1.3408479201 1.03540080828 0.74494264848
1.94342739266 -1.85164942194 -0.117447585758 0.60726889786
1.79860558191 -1.88004222571 -1.14110594222 0.185332035019
-1.8545365508 -0.837301536959 1.14246777753 0.35641606911
0.651351055704 0.808113185527 1.59703655019 0.790005019055
0.71751178106 -1.8307279497 -0.780159509843 0.438962305457
-1.51923680814 -1.1432781566 -0.578829264108 0.931932744948
0.307682536292 0.130313796463 0.59766185132 0.494636940055
1.45122611062 -1.1952121457 0.974518954692 0.234393230435
-1.77745183503 -0.82262390009 -1.44137136128 0.0980224640793
0.553311776102 -1.41045999905 -1.58744997067 0.254493469911
1.96454579946 -1.04048261183 -0.238178941511 0.469342298114
-1.91488017475 -1.76458247988 1.32712820839 0.866885392828
-0.718199191874 -1.64589337513 -0.377160275575 0.716103931406
1.05252818135 -1.4423286773 1.64918222325 0.141814858171
1.00496402125 -0.760895544392 0.374107916701 0.68021227783
1.59711990933 0.331723077521 1.99904874638 0.136857237912
0.956025744088 1.0198356181 -1.43063368334 0.73694661619
-0.419232890561 -0.945799650982 -1.71969189382 0.469918581303
0.544809049299 -0.336676676874 1.90285208347 0.0233497509448
-0.0384963202225 1.21059638175 0.820449698937 0.888243904581
-0.445518686396 0.109913037925 0.829580104934 0.821871981747
-1.63123478581 -1.66488314626 -1.71913947824 0.781888276483
0.760944127068 1.26611989787 -0.769121391236 0.835399622283
-0.991074906676 1.816455152 1.19690957437 0.212451548695
1.83820916643 -1.88503529854 0.238103663065 0.316032722431
-0.949504914198 -1.15801176711 1.93579551228 0.545280766958
-1.73330790041 1.20921623406 1.09631463074 0.866383359508
1.31140229362 0.547497318413 0.412033470469 0.774829235867
1.08151965742 -1.44142142281 -1.12294074801 0.829720569669
0.346783515075 -1.33519895204 1.87739043752 0.0740784136325
-0.43883343714 0.312146422846 1.40105411061 0.435350140635
-0.863394019676 -1.37259897929 -1.67168768641 0.770814790215
-0.943716716752 0.620569105638 -0.376860026663 0.40659335396
0.688796496639 -1.67957562965 -0.578984522336 0.99343706875
-0.76343103529 -0.520807142482 -0.0133617680112 0.873494317511
-0.056077491407 1.80691717467 -1.24072177594 0.938930495217
-0.0112982837151 0.50399458618 -0.776405917284 0.00106441966761
-0.270182406442 -1.23233389931 0.809720090866 0.68663347455
-0.900873554059 1.09402005099 -1.10150813008 0.921505466948
-1.40902499754 -0.674841078142 0.517800089371 0.956447735419
0.319915646853 -1.06641418571 -1.06375386037 0.49417604983
-1.51291056089 0.847681395653 -1.03053957616 0.322385875622
1.6989538776 1.23981103646 1.03262905837 0.255025604602
0.990679101184 -1.09037704606 0.9062743731 0.932232204061
-1.62145081058 1.83556559234 -1.732308895 0.578732931426
1.29828227303 -0.621527517326 0.572891162592 0.379971931778
-0.188087812943 -0.726085428216 1.72150071002 0.144087727221
0.503582220678 -0.0321672546662 1.90654214754 0.490008782184
1.60164747051 1.23914946656 1.12423178632 0.45115767628
-0.596518521246 -0.461870272526 0.783723748504 0.127995791787
0.497883570522 -0.418824437353 -1.77552866284 0.0737696017813
1.93791459605 0.921394990532 1.34959617383 0.683701565352
-0.164504400122 -1.7950500072 0.644221792801 0.813930500792
0.455412659444 0.938650348956 1.28096143421 0.510552029622
-1.57278613003 -1.39672793266 0.43355625715 0.865745006521
0.984037396777 -0.359527756792 0.290357640943 0.666704551491
0.972668048992 0.587079754249 0.618620216724 0.336389731535
-1.0837859267 -1.78104401971 -0.839505156108 0.323153345963
-0.476658863919 1.52112012255 -0.14573268799 0.862136552841
0.824830225564 1.26275306665 1.16271542846 0.0271936871301
0.111124619619 -0.820427083573 -1.62513222467 0.664710055883
-1.74376826596 -1.83342413547 1.68404101603 0.60288648459
1.48141317215 1.66293914252 -1.8636280343 0.305733349541
-1.5089287823 0.172010506476 -1.25012305561 0.75106380831
-0.737019320424 -0.289684249027 1.9981205307 0.46162614699
-1.38294078262 -1.91592076263 -0.534213782431 0.880374558704
-1.08510837915 0.391774143809 1.53223425598 0.864068696867
-1.30369848637 -1.09955381382 0.0419107109251 0.833218752766
0.0513539855159 -0.099841060056 1.45625370625 0.0378416473012
0.0477921418256 1.69073398344 -1.10363836998 0.874724374596
1.55264084812 0.436970075451 -1.38433107091 0.285496619937
0.562402006971 -0.645476586534 0.0444072777393 0.738595125137
0.610567050036 -1.36809558251 -0.162207738865 0.127341408973
0.395139683064 -0.0529119189542 -0.751562212629 0.354219645506
0.546047229161 1.00469446764 0.726559067261 0.776481134406
1.69152253653 0.174090141723 -0.62009863188 0.020895974602
0.593079133368 -1.10869724727 -0.862953255101 0.489844768018
-0.940634362985 1.91254758441 -0.409528508251 0.127651864989
-0.358465515244 -0.175743276349 1.85691363193 0.887687462717
-1.97146457329 -1.07362693027 -1.44801958333 0.82349195487
0.539897965829 -0.0976764810607 1.52868211644 0.502180041002
-0.198191812293 -1.36301620041 1.79645157317 0.386416419698
-0.0832264538467 -1.67195213812 -0.31728733175 0.487389674884
0.970445306915 0.609505063935 0.632950092007 0.55133655538
-0.245850137201 0.473632743327 -0.369063981934 0.150503725217
-1.22548374506 1.94257291417 -1.71244949973 0.099863604986
-1.24066504055 -0.64377386539 1.70466557044 0.738697417681
1.86508775699 1.32300428233 -1.61641662295 0.479130920246
-0.889031514516 -1.917198424 0.0100262385846 0.260377784969
0.0430184503828 -0.162245062301 1.73061237411 0.218777577464
0.0707481851194 -0.305063584204 0.374850458795 0.285558639585
-0.866592992175 -1.72957544331 0.870851422194 0.572479196651
-0.861432022377 -0.945001162652 -0.690526056753 0.788121064376
0.763869806456 -0.21142344143 1.33247643545 0.735719409811
-0.484934003888 -1.58502442281 1.01424208574 0.408504647061
-0.435835934189 1.00697809809 0.441776433421 0.223327985149
-1.61961121597 1.06747602266 1.151810842 0.275017317979
-0.549283174094 0.246131131586 -1.0498986979 0.419007279567
-0.539160437338 -1.51911016589 1.30714207288 0.631081519837
-1.87879326616 0.281924555889 1.50992719284 0.96577990886
-0.128330453546 1.2821436319 -0.808991195 0.0126583796774
1.73058795866 1.41968352409 0.271028492443 0.674226589689
1.7236636192 0.69385639161 1.41193155883 0.244680170481
1.75373728125 0.216096917723 -1.76472847252 0.38090121587
-0.27960197723 1.88947010094 -0.704037912475 0.751389264818
-1.22405327406 -1.79100754507 -1.69404624572 0.955555320078
-0.0712188208216 0.262111729223 1.46971219501 0.874899093838
-1.82786807618 -1.8015576245 -0.505133964638 0.896652120307
1.13416594261 0.837793392274 -1.25941006806 0.362657003086
0.0683798581546 -0.197490631088 -0.774650054922 0.387938525039
1.67301517843 -0.2502017326 1.2133863517 0.883221725242
-1.61611646404 -1.54019896479 -0.969747197036 0.250858672827
1.22996852963 1.53874909899 1.38965851181 0.822925827055
-1.55168227083 0.145305064655 -0.961789125852 0.637854911519
0.0538260324354 0.288587545606 -1.21224587207 0.16630984319
-1.23115209407 0.353749689483 1.22760936061 0.00958017000142
-0.474083730641 0.392781308046 -0.646841250597 0.209536152882
1.81421870971 0.919171487383 -1.56619853968 0.56441942965
-1.79079024037 1.15775245509 -0.769422158162 0.0879364286534
-1.22375541008 -0.225956260096 1.41275422968 0.435616151924
0.635984450293 1.96042381622 0.600518959634 0.517688807688
0.828472370028 -1.3007178262 0.309408018126 0.556365885156
1.32057167399 1.61788108332 -0.187938968302 0.108050401014
-1.77892280424 -0.56378304858 1.85473910978 0.411748223035
-0.048948143822 -0.992244225272 -1.22154090009 0.219779016339
0.255849485888 -0.692174914595 0.307108884309 0.854666666055
-1.5589387223 0.27903459359 -0.921436244783 0.234335131299
1.22029116148 1.47103097211 1.80445588112 0.368791795534
-1.24314505154 0.347486011867 -0.502368027922 0.186933273249
-1.2879998948 0.946232829269 -0.463661426767 0.173812852595
0.457892152687 0.957479541768 -1.85078372043 0.689926512034
0.253822423324 1.90876651965 0.490096919445 0.631300578943
-0.443535118786 -0.999875321183 0.777867416676 0.675128598022
-1.30176863906 0.208627983238 0.0329826738987 0.0058438715959
1.80321991865 -1.69851837024 -1.58426794322 0.572159091155
1.55644788253 -1.02286507393 -0.863224589203 0.095007291559
-1.4441331331 1.61413842446 1.10354935117 0.773188416033
-1.74095098252 0.364619058347 1.1316444212 0.263253682071
-1.24791510428 -1.16792888047 0.700075044819 0.998692384947
-0.14619554654 0.0649544217984 -1.54413692171 0.335273254054
0.604889405665 0.278385290664 -1.84603517706 0.580968936351
1.95037201993 1.50439831607 0.295298414954 0.0672484741838
-1.26854650802 0.352524055464 -0.772607435239 0.0924335578413
-0.198769293237 -0.209605359449 1.18756190229 0.627475321281
1.75113462795 0.895998664097 0.576592390778 0.196804380877
-1.5201357598 1.06653281284 0.527078334713 0.225272978727
0.0731163731286 -1.13097323728 -0.0543131391643 0.74578894424
-1.29398656848 -1.94219274384 -0.327296698382 0.654769211288
0.739027865243 1.12088750885 1.72096311944 0.332175878783
-1.51873345258 1.09683889502 -1.08284557056 0.46330487435
1.33982121751 1.73527332235 -1.3953954634 0.0382499404382
-1.04599655749 0.0236693677478 0.220501433178 0.945307963258
0.631742646317 0.634476591784 0.734931264342 0.693669693417
-1.95072342078 0.641058058457 -1.78694399624 0.353005934606
0.637908058438 1.28648202349 1.94610681368 0.00134462476009
-0.0723368181425 0.0642393744542 1.45394189081 0.070695941151
1.3830300952 -1.76413687718 1.29094147159 0.932644329203
-1.3080545151 1.49433388223 0.617042875368 0.835172842762
0.789513674197 0.410526592524 -1.14630900578 0.654081740336
1.58314130463 1.43965761498 0.0626795292548 0.678370933327
1.52606989558 1.763610645 0.146249971561 0.234563566249
-0.569246641382 1.71541458894 -0.958038399319 0.475740646136
-1.75093331899 0.459719950948 -1.89271042557 0.422992252871
-0.0367278386922 0.121465081982 -0.0579405908488 0.275368076511
0.440109282607 -1.07167996267 1.60656519787 0.103282589674
1.54064236161 1.09127942722 -0.0889078256428 0.57408118873
1.83287230753 -0.9851433603 1.29147534879 0.777834865666
1.49878095189 1.31274562895 -1.85155396419 0.708873334387
1.65721018727 1.58812662449 1.41207946819 0.288859296894
1.8777176922 -0.784485166221 0.169064044758 0.871686385805
0.0732512281731 -1.75009441509 -0.952098077421 0.248867189039
-0.775842143897 -1.89391471517 1.29535659557 0.926395083538
-1.32356669504 1.45481628548 0.297163827933 0.438186465789
0.942520936863 -1.42802440781 -1.66447768839 0.0290143343007
0.87106072189 0.652396855621 -1.367728934 0.0104015200717
-0.346513066526 -0.558335020713 -0.525156938986 0.218881408922
-1.89373886159 1.80110403232 0.10852774432 0.845576631961
1.62161342852 -0.370998791974 -1.36465720512 0.257729969825
1.49516308429 0.577946176955 1.84930482305 0.404593299379
-1.18045811347 -0.749558641679 -0.96708026625 0.371546268615
0.415425905215 1.97409525099 -0.695815301765 0.338977776516
-1.11674657673 0.449020163358 1.34386913153 0.467759474696
-0.587970322835 -1.21001986934 -1.46693783807 0.978056927274
-1.56334099655 -1.03940188911 -0.725572310365 0.0726266129148
1.69843494076 0.235003662451 1.98183966001 0.850035843019
0.787123815821 -1.95621098443 -0.606227467024 0.66973400635
-0.282923767345 -1.5901284917 0.369085415517 0.599844697912
-1.71567631783 1.37770795339 -1.72512072726 0.156358684504
-0.428312166024 0.188320694138 -0.356865383257 0.613386871461
-0.132727497702 1.27187119075 -0.223451889286 0.394006551458
-1.90925925062 -1.97204015017 0.285022181529 0.675396634901
-0.245220460421 -1.40054762196 1.84035505649 0.369996787331
-1.56496688837 0.77318563131 1.87654090331 0.2500937982
-1.84250843837 -0.913121872227 -1.4109502 0.00984349046151
-1.05650552819 0.0849371277587 1.80081450536 0.748725027544
0.336771532697 -0.162190534317 -0.868832033316 0.705827569571
-0.454314967716 0.955794627385 0.47639173748 0.270608308984
-1.30145243774 0.145425149118 -0.611434117438 0.767384782448
-0.693639827514 1.29165219563 0.982046614554 0.924003498165
-1.5430164564 -0.409466669073 1.98539822748 0.822775407688
1.76607044554 0.301762845336 -0.853632128926 0.345452377798
1.19150439198 -1.75232974526 1.3526028958 0.071404432653
0.207574475733 0.0202886396377 1.38591578031 0.330520370532
1.96955988814 -0.314402980521 1.14403991026 0.114473935053
0.544168192929 -1.50731781645 1.10411482961 0.977895308644
1.08242712865 -0.184758494121 -0.279861919018 0.918695421859
0.587164399952 -1.19591181586 0.943938256442 0.858206787646
0.0358427803641 -1.85386147309 0.864718352508 0.581806043012
0.534969166173 0.571782788241 -1.54993478169 0.358105907159
0.256402583861 -0.484591872619 -0.163051049558 0.27450379692
1.96737902575 -0.108715041268 -0.0303099711563 0.0309336281768
0.688511881043 -1.05690931014 0.615238434679 0.19600350769
1.60436313159 -1.39202930451 -0.892860212435 0.403889733228
-0.831733973045 -0.103225753049 -0.266515801876 0.353728909849
-1.85630236567 -1.31312250768 -0.414608607385 0.827993681565
0.0143652687305 1.40164475344 1.56804036734 0.786778825272
-1.69604846875 -1.54583760955 -1.11417613264 0.734358407471
0.930658456927 0.924448173066 1.95406142005 0.272572549129
1.91868554374 1.34853195021 1.30115669135 0.948378081353
-1.7218424856 1.8411775252 -0.546791161363 0.956286737001
-0.0939306317694 0.468393236638 0.155826744046 0.200619097417
-1.66830483738 0.507778420992 1.34264746404 0.736968602497
0.137429806614 -1.71902483781 0.907174525178 0.273202056505
0.222523019492 -0.117135411371 1.44868508673 0.383366576257
1.04217519636 -1.44350058682 -1.56668736493 0.926312129818
-1.81790590576 -1.72426794281 -1.14940729143 0.0908869563545
-1.13083708159 1.92559056481 0.834034455119 0.446785426336
1.82277619134 -0.13768493704 1.3704742605 0.756825704524
-0.377381939678 1.22722014747 0.856448117938 0.136430958424
1.5974818596 1.01073299388 1.73289362932 0.999682698853
1.32900731808 1.44985812447 0.738958245214 0.400320336114
0.175477036731 0.586867126767 -0.325430060591 0.171207558373
1.59303592356 -0.262498858037 -1.04417790913 0.534367676355
-0.57493164311 1.13940599753 0.915572281154 0.999720423956
0.254692572301 -0.127676941112 -0.563288170193 0.174196236074
-1.53711210726 -1.99482983 1.55591530324 0.530653190219
-1.45923467219 -1.25540502924 -0.23692421108 0.0529176571749
-0.506342027871 -1.69437702801 -0.198749760005 0.15704606488
-1.25179556351 -0.373939718991 -0.691637566694 0.660815227453
-0.522388461017 -0.468626610721 0.678412002575 0.372628163024
-0.933298771546 -1.05749801192 1.73616272414 0.763972149217
1.68212722691 -1.24587521294 1.12687049669 0.993063073907
-1.55010980183 -0.116223427906 -0.6354835205 0.497298086962
-1.71770468816 -1.92645792264 0.927627488371 0.898465986983
-1.16771723291 -1.07151576884 -0.00841775560659 0.159125078305
-1.1345685089 0.58595002003 -0.225499625134 0.0318629440513
0.897933231224 0.525404142578 -0.0533999208773 0.330611571366
0.71836443694 -0.872806901289 0.91882150845 0.689734608144
-0.747824474974 -1.06690740202 -1.91505099694 0.512392873888
-0.0265162639264 1.74069214933 -1.42207862019 0.557871648095
0.546281582605 -0.737521997827 -0.94132593417 0.0892915809659
0.475608900032 -1.07583636225 1.5757293076 0.16286557758
-1.6814566473 0.21661159975 -0.190545895411 0.318552623982
-0.200753917062 -0.989422707461 -0.54489157987 0.183136210684
0.633144335802 1.79366712783 -1.47102344482 0.234001903316
-0.385129652529 0.433333039302 1.06209985843 0.608836241881
-0.346349680644 0.733217470942 1.40298982909 0.58262647971
0.797830383899 -0.926673843607 -0.112888414239 0.195412527334
-0.97710237855 1.86836111197 1.58891772568 0.122799809453
0.0298122883346 -0.313980016506 -0.15719477011 0.66063585766
-1.45560478702 1.5094708197 -0.218866634706 0.823984029849
0.512182594272 -1.64540348055 1.92616032522 0.356398698155
-1.63915608898 -1.65877871429 0.199909812711 0.210198649825
1.36929974859 0.734464231371 1.76685165853 0.18999552942
-1.59548007944 1.72773966956 0.31824307974 0.0476446997693
0.135450235439 -0.322129178309 1.83677680114 0.769847546773
0.973012718121 -1.86150775731 0.475577189672 0.0214822884467
0.68058481379 -1.94259493919 1.08858308524 0.0991694431643
-0.766022573404 -1.44818712069 -0.388858476043 0.900237361028
-1.29780725962 -0.826680712647 -0.224516616533 0.985105098653
0.808833419386 1.21709535904 0.132635409661 0.483554948402
-1.09977241641 -0.682190980459 1.80972135435 0.834277981315
0.0136443305598 0.416569368207 1.5504497383 0.95252955294
-1.15152838047 -0.894730121114 -1.28715642559 0.761370880973
0.916432827196 0.614443479863 1.33039588088 0.798113507082
-1.09662731664 1.23237933026 -0.52176723639 0.257084918919
-1.01060707382 -0.918634626536 1.8285202337 0.913961760873
-1.17505844073 0.625366154056 0.340667367175 0.449955205394
-0.362837211433 1.4097863391 -1.80724103109 0.29458032709
-1.26661173803 0.476679557773 0.489235081228 0.213250684232
-0.0600717415557 1.34477653486 0.936687818407 0.18002074853
-1.75116770218 -0.754557588605 0.872497478619 0.907800060772
1.12238248892 -0.230496084535 -0.0558734401773 0.0280883936323
-0.240774263734 0.252087859315 1.66182072839 0.321584747088
-0.0743973092175 -0.962308381702 -1.66258447347 0.550434353951
-1.62905281698 1.00878029299 1.65069771134 0.864927451837
1.43693761121 -1.32337708915 0.713947942452 0.707507634771
-0.515618248577 -0.488711514235 0.492708928261 0.093488867206
-0.31226262895 -0.0629288140209 0.751098237853 0.777457484132
-0.457000028549 -1.83136479511 1.05624282595 0.211788344318
-1.07678295438 -1.28320598567 -1.3250397989 0.989761823404
1.12121936444 0.76417392316 -0.968664710604 0.0540328518849
-1.87502716103 -1.25258202416 1.40539279208 0.98486747599
-0.843210716071 -0.0680379243277 -1.3177067058 0.00899318479103
-0.0828150305309 0.290858516007 0.865601647901 0.560850253748
0.706565815257 -0.463527366982 0.31377509353 0.483592415677
1.83967227432 -0.883728567145 -1.38800357379 0.544179594263
-0.495995434457 -0.223268233257 0.811247350461 0.0932713495164
0.0116370829147 -1.91602863426 -0.671751468714 0.694314798348
-1.79667002624 0.996757943245 -1.43395450894 0.36186705975
1.1951513914 0.32995015273 0.388109187789 0.174824012264
1.27652967101 1.31883308567 -0.504439129905 0.937222041912
-1.26443748497 1.41440075446 0.783196910997 0.0202790825274
-1.53463070591 0.576586322892 1.20738708387 0.77733560734
-1.48782420139 1.25682516909 -1.07467495558 0.0412512350023
0.886292902598 -1.43165291274 -0.0244481771817 0.264467428709
1.71305539991 0.803329749916 0.219441357942 0.604663015134
-0.03064810714 1.27017085376 0.298159981198 0.471867463787
1.62269347192 -1.04726983692 -0.726073841157 0.686392474096
-1.02909164288 -0.0721363413887 1.88233205816 0.711413699377
0.160481821541 -1.18474797046 0.116606264441 0.729927781616
0.804224044513 0.501524748748 0.300482685871 0.805405200913
0.597480062353 -1.37082574979 1.17337270522 0.231869008772
-0.640047486357 1.22918903936 1.16331277787 0.0905298865851
1.69896698502 -1.75705058939 -0.235594395805 0.174491814984
1.98316598461 -0.420416105032 -1.08502030801 0.820086634701
1.27640917023 -1.62562715179 -1.17007363572 0.738846020775
1.25858578041 -0.408236329374 -1.56500175336 0.106732768008
1.16926022067 0.292338420895 -1.7117470888 0.37444823127
1.45854068057 -1.72876432782 1.98741504796 0.866094947442
1.34718902085 -0.489026701261 -1.21738907728 0.916751131817
-0.620960084682 -1.24403263054 -1.91378500584 0.592134730997
0.970048450895 1.80843388538 -0.939828587179 0.994682207557
-0.974035088066 1.09015681771 0.729669132923 0.541412425959
-0.339551255079 1.84609286097 -1.77826626931 0.0253449476878
-1.38471016353 -0.0267654613734 0.881548286331 0.220698138112
-0.943695177456 1.31989144223 0.426475387889 0.790527329885
1.83198867977 0.495263295246 -1.74327190434 0.840274065713
1.45529462885 0.635133671367 0.497745463505 0.532738706588
-0.944509135523 0.928463392795 -0.452002388633 0.00053749659954
1.67049111432 1.83964166373 1.56672358394 0.698081922179
0.637481955278 0.170471413169 -0.841661412098 0.665101900421
-0.0947210186232 1.21789473887 1.50826793019 0.734926013738
1.01017244 0.304197493752 -1.14211210805 0.587116681552
0.0665896208357 -1.63197889111 0.880095241752 0.508362818919
-0.0903357331457 1.73767045186 1.23146029676 0.944634999093
0.199450069094 -1.19417179279 -1.65786470766 0.19591281845
1.46811970561 0.569191200086 -0.297068265481 0.350502703257
1.78626360052 1.38331282566 -0.39507365572 0.84434272107
0.130107133122 -0.985390947541 -0.797640569251 0.207838412818
-0.300460663188 1.79918205224 0.938380281298 0.848698656959
-0.419471825093 1.15774765481 1.55586803375 0.38874263816
0.0251684788431 0.38719238641 1.17457578272 0.617738704946
0.146288875269 1.48650882142 -0.700038204325 0.293752191372
-0.368776235767 -0.362801306516 -0.0764025587145 0.500241722081
0.963459232486 0.274655972156 -0.550037096388 0.339418808274
-1.07044815307 -0.698730287122 0.690900971145 0.315334626381
1.63477715695 0.794058410102 1.85902765513 0.496186438905
0.883726100109 1.65738233889 -0.246426770046 0.0118698269255
1.71015925487 0.492251686664 0.337132229917 0.765201800202
-0.970355986332 -1.10634377448 -1.93638056308 0.933507726193
-0.506875603552 -1.18470748137 -1.83622654473 0.966007531814
1.6722524167 -0.908319348727 1.49065302717 0.087888702325
1.76693254171 -0.66457076159 -1.21444757772 0.620574125457
1.59906494424 1.51055845702 -0.644001122139 0.614870385728
0.17494109734 -0.755981482082 -1.05523293449 0.30435366207
-1.47584976431 -0.605142113672 1.00784029823 0.446764565863
-0.695824581002 1.93341792957 -1.24937139722 0.939817101471
1.17197706664 -0.362552745841 -0.470894660141 0.598672107366
1.35926026419 -1.79228096855 -1.61776951963 0.426186692213
-1.32639539234 -1.53259853882 0.855742079028 0.521079530644
0.258907206415 0.424801162315 -0.496448766373 0.172844197461
-0.548023757026 0.868547845337 0.172036256083 0.587043553019
-0.20767823562 -1.12382200233 -1.49184304827 0.168487949755
0.492160079536 -0.43634140771 -1.52822394943 0.984098777036
1.42322910574 -1.57974507717 -0.471561272323 0.606644284381
-1.87215817781 1.62108196285 0.0293542759459 0.516906360632
1.94736594325 -1.31685283946 0.796882075974 0.483900109858
1.17805376864 -1.62150833763 -1.55204881713 0.888000335999
0.735483563065 -0.278906443688 -1.32027668493 0.247283879385
0.863495018726 1.75359964549 -0.839699365192 0.958073348286
0.616487733663 -1.17455659627 1.11650303679 0.874611223743
1.75275670755 -0.142107387296 -1.45789319057 0.0259347993679
-1.18806781294 1.36497280719 -0.294098504998 0.859077568671
0.278615156875 -0.361204639081 0.716539732173 0.386443933069
-1.83786943559 1.10034672276 -1.93455657608 0.519248658698
-1.81530916954 1.69389232116 1.74481976186 0.16156299942
0.378288332347 -1.33419136692 -1.6561879929 0.694524238716
-1.26556576208 -0.615513043164 0.724158914106 0.322495861396
-1.25455562996 -1.97331665817 -0.593137919558 0.729534953144
0.784202339517 1.74360211557 0.629275480473 0.191139197263
-1.36680414329 0.0254995370338 -1.2166103766 0.171360948039
-0.504270245764 0.185775637858 -0.864313213301 0.233216098467
1.321422636 -0.460282774312 -1.6781100576 0.299700597589
0.937460639911 -0.75112570067 0.05060142241 0.708383215474
-1.45593950761 -0.496769229121 -1.72937646081 0.9834716315
-1.77412253561 -0.410860063005 0.166626467305 0.827133241052
-1.91248666891 -0.10620983987 1.8802882317 0.644997249318
0.232067908295 1.43613050442 -1.06453360012 0.0119258265833
-0.750173237276 -0.073997702494 -1.63431661407 0.916876151107
-0.530412457473 -1.25511225076 -0.84233715728 0.288842921981
-0.119919774815 -0.246088171057 1.68360018824 0.994879798718
-1.30094010436 1.2438362859 -1.0161646845 0.472030714538
1.64760647251 -1.68422193427 -1.0082320547 0.3722450698
-0.629063592793 1.58382896136 0.639779802082 0.316250940408
-1.29341646043 1.08472336363 1.21925059034 0.00890482576445
0.520706289472 0.351843730234 -1.323093222 0.433561156879
0.91574030044 -0.877262629636 -0.263739825338 0.220797330918
-1.4432577516 1.19561594281 -1.15859687227 0.913292921202
0.0256215182991 1.17771027122 -1.78486216128 0.49312085493
-0.428315574549 0.00861473821858 0.2409217656 0.209453532086
-1.11512882007 -0.62000139333 -1.79724260917 0.624380607735
0.633268237272 -1.79265381157 0.152528537644 0.388918276531
-1.45212085301 1.40864257964 0.768533782767 0.812672245317
0.211791121349 -0.963630915322 0.621417899733 0.539199417467
-0.431443814986 -0.829276813551 -0.178836109846 0.772455569445
-0.0260946838269 -1.90031236903 1.61886910731 0.447926952995
0.775657995465 -0.988979243909 -1.64269793175 0.897049092922
0.527586804719 -0.58644404782 -1.7607546169 0.297245313865
0.1766526087 -1.95033274611 1.01688006057 0.659946810373
0.586140804756 -0.996919095351 -0.575830599962 0.602634579244
1.29847692741 0.724317593337 -1.16313108855 0.795057698914
-1.72339927891 0.00699702649876 0.466294995785 0.0490251257273
1.5507785469 0.383183302525 0.140852011299 0.0389528887914
-0.519134788464 1.45477694057 -0.424283143804 0.844874072013
-0.264839994391 -0.11785399687 1.72573912906 0.721787721208
0.930658006686 0.280800819927 -1.93487513452 0.981388406123
-0.399843820876 -0.283733137156 1.56654336785 0.749972983657
-1.93771440656 -0.617921699294 0.838197426148 0.591788771324
-1.09097337911 -1.39877010398 -0.203341152365 0.568740363937
-0.596280903415 1.01865704963 0.819602076138 0.0278389021339
-0.549481811388 -1.88417048703 1.72335930998 0.321121361719
0.586125209044 0.806507140108 0.89700901294 0.500069985509
-0.775862998985 -0.450083440007 0.553740408423 0.131994191931
0.54634396787 -0.305025118178 -0.623755220402 0.614291125929
1.28486966401 -0.923009031395 -0.507384185519 0.0822472309585
0.683488793324 1.23339573321 -1.06958720583 0.112238823135
-1.02337369289 1.5613710056 0.836693644167 0.804569643272
-1.86897976887 1.40271823481 1.53991264372 0.521235020565
1.78699844222 -0.136092907811 0.154884293603 0.611794683652
-1.52897118994 -1.25353368633 0.91544894196 0.725449467364
-0.471404023 1.27227001803 0.169416899914 0.19135770156
0.365396656185 0.669424799856 -1.14332041964 0.130692018556
-0.493525385171 -1.97069437773 1.17244258848 0.686804793352
0.184372407352 -1.84030865803 1.3954381349 0.38956958324
1.60136211456 0.721154339904 -1.9136579979 0.696324015449
-0.565826722398 -1.25674217366 1.09888702983 0.922014590741
1.27182947223 1.16319187444 1.39801286932 0.767066554763
-1.15538767419 -1.32468800677 0.467688028114 0.0592010907655
-0.578499180598 -1.05162055606 -0.108986560082 0.167622153573
0.845667848588 -0.373496927789 1.82917451359 0.342744576826
1.39976223523 1.65460921977 -1.63842103651 0.531211090037
0.688559997803 0.479074964199 -0.0538743918351 0.795857435378
1.82084481639 0.45228917374 1.55851522666 0.571041125244
0.238030512372 0.290896641275 -1.8563116393 0.808947958626
-0.195205500392 -1.58750162309 1.46539425496 0.447183724672
0.363015537358 -0.831553372668 -0.99158444398 0.591633198722
0.112090411279 0.907980037289 -1.2292076497 0.147505398035
0.793287143678 -0.230107850581 -0.214312080863 0.371570009296
1.15300650223 0.776174634523 0.766313138512 0.892467120604
0.248990105655 -0.0926083990459 -0.161531463355 0.971730573383
1.40210105869 0.181846868817 1.60354433772 0.469636426799
-1.59768299391 -0.306961662388 1.60938199941 0.825519756732
-1.22430457609 1.30200117607 -1.1491294838 0.966629983324
-0.952267252105 1.40969785358 1.31588637704 0.37573910562
1.99494655725 0.131879017377 1.84929995752 0.294355747668
-0.0638342396177 0.494276352568 -0.983299796707 0.710206195925
0.713485274828 1.21469267055 1.77935180728 0.301823473304
-1.49747000114 1.94306121456 0.613613264199 0.264490242153
-0.633922488214 0.595659018147 -1.93836812989 0.769615832979
0.999589561101 0.31227406006 -0.184534035095 0.748384735475
0.256956980644 1.62835340305 -0.0422500457167 0.687479844774
-0.59981640294 0.902850834855 1.00828982786 0.957507884237
-0.208414369585 1.69394812911 0.0476293993383 0.0831969662715
0.795881746679 0.0134445874644 -1.58463694963 0.556531580769
0.672293662657 -0.653250111887 0.130444862877 0.803290301488
1.6388231791 -1.04867917227 -1.92190633227 0.310906180593
-1.83079494441 0.425448741306 -1.7790453876 0.888491198433
-0.709550707772 1.37552970937 1.40166444912 0.272662849179
-0.0199213884263 1.97249004439 -1.33136598824 0.986463999703
1.95507178478 -0.240064534305 -1.52648212291 0.425094798964
-1.78929040414 -0.454651406291 1.86790982579 0.273027868743
1.26814723889 1.40367463191 0.410448870033 0.611351519415
1.23395702909 -0.551057165541 0.378912992616 0.584321714295
1.00530393603 1.65219878592 -0.106067828112 0.767457589382
-0.667529999494 0.273148824078 -0.955706617458 0.137200801572
-1.99881384164 -0.889131364753 -1.73170782192 0.831703295158
1.01393507945 -1.36223113173 -1.54785984358 0.408168917985
-1.72986431225 0.484971005883 -0.266191762467 0.49465594379
1.08347313276 0.241073239931 -1.51790811349 0.412785974782
0.459614794813 -1.63355020405 1.576162662 0.136072428515
-0.326722335162 1.62014607623 -1.38136181045 0.837583078681
1.74143595557 1.73264705946 1.26666100646 0.444534955825
0.356325233297 0.21330211063 -1.7326356206 0.302091908033
0.594472144382 -1.39165043567 -1.02605804843 0.697769630121
0.992436436602 -1.33151743041 -0.0702937770243 0.894314708542
0.180958073851 0.505766641773 1.39152952461 0.386453586102
1.26954955615 -1.63833631086 -1.67777609578 0.937129870056
-1.88318600132 0.762341977376 1.67652250371 0.939191404328
1.27436644784 -1.84442818608 0.507638015576 0.0692343894715
-0.155471860491 -1.67753598668 1.73270529508 0.889208035518
-0.750781166129 -0.787081133651 -0.656741522024 0.0746162197429
1.4542659229 -0.10506572532 -0.69110778824 0.420986956421
-0.694593979406 1.88115178477 0.306857107314 0.983865528445
1.8158384356 -0.201939852141 -0.649280682039 0.57114865337
-1.55281574256 -1.91547936682 0.889997197271 0.161170936689
0.522629515071 -0.974644045746 -1.04237935553 0.61265021242
1.04520024836 -0.176957286191 -0.445079075605 0.982659760261
1.04098129666 1.15487427667 0.140407289435 0.0761930416804
-1.17501514082 -1.62528004999 0.843272590108 0.776343100156
1.89160244664 -0.0147769365496 -0.771628234003 0.15275297134
1.16537399811 0.306635069667 1.94246449681 0.879884987496
-0.401305011914 1.75280261896 1.28384233687 0.38441500389
-1.37478902494 -1.74594371392 -1.8622862813 0.726514417145
0.0735269863989 0.313983596228 1.55051940057 0.911773983225
-1.15133125363 -1.75784459146 0.954582758538 0.779105548722
0.0124483588744 0.406825697675 1.03720277711 0.952345458519
0.796741618997 -0.993965621591 1.14394329298 0.944208675408
0.764802528654 0.0893666532557 0.672047695107 0.790844831517
1.60757867889 1.3628576811 -0.88565480218 0.11064062817
0.301969094804 -1.1275139229 0.520534982225 0.854812062402
1.07918474413 1.97638837312 1.14620318184 0.0555351723172
1.57756377954 0.953311106934 1.01165341088 0.936423929149
-1.08778555257 1.48357735125 0.377740512109 0.487523911706
-0.878323155672 0.710265159816 1.66980043122 0.832812339912
-1.57005459377 -0.888675467788 -1.51291257435 0.651363364801
1.09488403451 0.13379810332 0.686459700932 0.262785018112
1.75313413857 -0.773681809406 -0.863201086897 0.920906257015
-1.6943588775 -0.022710250444 0.91706946569 0.427338166029
0.996483743728 1.29494904855 -1.88303702274 0.825249024003
1.83627100039 -1.06747172269 -1.70957955258 0.803573475663
1.32080881721 0.88180401345 -1.35300585831 0.0809070049983
-0.839651680104 -1.09352493079 -0.931057183424 0.375122739955
1.75447689062 0.952428525602 -0.00836874632383 0.529323723236
0.970004789833 -0.8105893651 0.738850769382 0.89679631017
0.864834912638 1.62588424959 1.20479768232 0.363978236206
1.43536230154 -0.690744573929 -0.128850263978 0.905292854853
-1.32242350193 -0.0143540884533 -1.19772985219 0.914456896791
1.26686280612 0.363505309735 -1.14675983111 0.65964577358
-0.977576591838 1.03258332162 1.13335739689 0.316625299899
-0.117571269673 -0.598434549603 0.579672693863 0.629302115489
-1.41948918742 0.404181023207 0.642215117134 0.280468346971
0.688921257911 1.1152580954 1.87512060067 0.153034737669
1.38501425873 0.108557517021 0.609243802974 0.359983188317
-0.2867085904 1.84184931237 -1.90112553576 0.197266828093
1.1014378145 -0.0810296051576 -0.84360742138 0.330145817477
-0.530592053542 -0.748053032527 -0.396579153706 0.605995430941
-0.172152697251 0.392494094209 0.368778870466 0.657036778082
0.8915394629 -1.63549460437 -0.170464718169 0.381061394504
-1.86707690548 0.293879824908 -1.66273367966 0.122086851355
0.939607818126 1.99137497756 1.57584777312 0.4452599006
-0.137109351461 1.82893704114 -1.16486775154 0.573838727301
-1.0123230247 1.07586356612 -1.25901870958 0.749858450455
0.437808397046 -1.29468748586 1.99105648559 0.241786443369
0.317074418987 1.32503316149 1.19639667762 0.974613888234
-1.32537698565 -1.37942632898 -1.10614748068 0.0739207770753
-0.00478392400897 -0.748263889707 1.91073676119 0.0902738815984
0.758893268803 0.829906405869 0.885240256804 0.340013623579
1.03938630958 -0.758047541948 -0.603027229072 0.421691255912
-0.674165468884 1.36878153301 -1.95956538424 0.404256361522
-0.458242145163 0.847240335326 1.41780055473 0.51447214784
-0.903792877613 -0.838411358965 -1.05411769484 0.151779378064
0.843465938712 1.4601734433 -0.972487396978 0.497560102969
-1.91566575549 0.559269676604 -1.75772938398 0.151287593321
-0.675325520334 -1.76888932181 1.26904188317 0.919914717326
1.45505149117 0.0325374538649 -1.19908040845 0.554834593748
-1.14598854754 0.00866613196462 0.555460532762 0.45355836498
1.72228951634 -0.735941867421 -1.74040253389 0.060605146315
-1.00532418399 -0.280262851444 1.06153256448 0.442125355207
0.0268131550959 0.562257557058 0.551603374585 0.647185209437
-1.82414955733 -1.0531238693 1.84778752604 0.833952442199
0.857516514644 0.279517537588 -1.80105483069 0.577682876571
0.294591700424 -1.77930830252 0.188042647897 0.586585690712
0.776550957418 -0.612429315218 0.766404891339 0.733479721886
0.226926277862 1.29773186059 -1.81849523874 0.0496192789566
1.88844079308 -0.48484058081 -1.88555972545 0.984537496887
1.93828333912 -0.212307654565 1.84227981616 0.435874532572
-0.503902473855 0.00630781622189 -1.78469004921 0.308732938935
1.48692985437 -0.307624711015 1.39717738122 0.730862423483
0.509535790344 -0.333473064718 -0.00179124510367 0.918379593167
-0.475088118992 -0.721294062237 1.33132199035 0.769853492322
-1.46207855245 0.736141834201 -0.418528508011 0.58808741556
1.91120531372 0.571702174059 1.14601067571 0.0907172617614
1.29116340172 -1.97301068242 1.76576840673 0.883614664295
1.60609324079 0.26057018864 1.46808583588 0.482969674468
-0.682869610239 -0.135531524061 -0.4925676185 0.912479158935
-1.05812379381 -1.14163589573 -0.623432745179 0.883657238978
-1.41314212212 -0.666439594101 1.4372574228 0.477860324853
1.94347020203 -1.06997352659 -1.43504775249 0.46629835565
0.837976087518 0.189728169978 0.153028717422 0.26789895349
-1.84908649076 -0.658411875735 -0.332043568059 0.540432470544
-1.81198492867 0.176176135872 -1.0196387474 0.268366776972
1.02854458989 1.53722155567 -0.742205444569 0.0852610928634
1.3658885345 -0.00424025602431 -1.05319751271 0.941087200209
0.159194953861 1.37028947371 0.482667869819 0.89210729115
1.10226305224 -1.18685573709 -1.91566352935 0.536781058199
0.303229243025 -0.169625350312 0.19432395169 0.104506911903
1.4588944917 0.698492189261 -1.55214600527 0.464862686194
-0.185933530339 -1.42958790298 -1.61425761905 0.888429043485
1.77568573991 1.09169134281 -1.12741242169 0.503846422643
-0.448288058654 1.82926110663 0.556739214691 0.712419487206
-0.950655618626 1.87595926676 1.97442426708 0.0994192732839
1.63504306954 1.40218044054 0.185707268015 0.0721742664346
0.821570301834 -0.89476146083 1.75211041637 0.754685251555
0.0256696209872 -1.16787953172 1.10219389215 0.857755150831
0.261868842824 1.83147403312 -1.45175565883 0.34809370473
1.86715860438 -0.950942449426 -1.82715716848 0.829764579948
1.96254693639 -1.00138415913 1.48020645325 0.162749583561
-1.78506584027 1.50768561691 0.303440442575 0.804759300522
0.791271161953 1.78462731639 0.812528717859 0.635478743692
-0.452488795503 1.62418499134 -0.870394615478 0.409585660731
-1.15615380405 1.44168484885 0.737496581275 0.590512765708
1.33612030411 1.9263404966 0.0149403266954 0.428273483441
-1.44019953378 0.28224460461 -0.47315110922 0.832657268655
-0.211967367201 -1.45393376718 -0.254056893113 0.34813537741
1.9238193941 1.92865034376 0.567468168828 0.950442605858
-1.56650042922 -1.55878622252 1.9483498395 0.165385409445
1.79178900671 -1.81103365944 -0.26637656629 0.627132225119
1.74983750657 -1.22513754235 0.372890775738 0.0951940083416
1.66052022557 1.63494682227 1.2195848992 0.716058744796
1.08771520892 -1.78692479465 0.406360513873 0.568538334663
-1.42661449803 1.52165339191 1.31621374776 0.703669362836
0.498690349846 -0.22946365977 -1.36544673476 0.200404802138
-0.767017683198 0.8360871981 0.692199995153 0.773705964433
1.06869378911 1.91098854854 -1.23194564374 0.491019829813
-0.376224775274 -1.96352277666 1.19411611547 0.618215512325
0.468081195104 -1.59654103016 0.298344619579 0.257849096598
-1.72642101327 1.19762465552 0.701520258033 0.819146047595
-0.0730151812977 -0.810309813178 1.37537597727 0.307687518967
-0.698757472326 -0.164670094936 1.3463826029 0.125993167548
-0.230512779651 -1.9644690929 1.69377141269 0.713818216826
-0.434636910202 -0.772591270744 0.419440012535 0.449546761303
0.155132408592 0.700899873132 1.3336979586 0.106105370912
-0.534952017398 -1.79135128257 -1.57634464674 0.245945881264
-1.78911901843 -1.69872932566 0.0520506904716 0.898397657983
0.95985707942 1.66567886863 1.40253547054 0.410049313196
-1.81813435894 -1.81656242304 1.79793980107 0.329727681551
0.261289352049 1.12589331389 -0.679500190834 0.533679549077
-0.234719558734 0.410248454257 -1.69431923422 0.640661059229
-0.30589965215 1.07107443908 1.39270225457 0.555696788033
-1.17024597041 0.0772225489674 -0.456300690148 0.06010800603
1.61336302954 0.245228185494 0.166537131377 0.825104598173
-0.104275152354 1.79530814424 -1.45393009746 0.677133998178
-1.31806418146 -1.65446232142 -1.4023337102 0.416500614008
0.893874320897 1.10131167078 -1.82845776795 0.668492867479
-1.30576532294 1.05969610392 0.0829717234271 0.523151393207
0.247450493571 0.543001972391 0.829601476987 0.820451063671
-0.244934523623 -1.70978659056 1.68015468538 0.894079783981
1.58903973307 0.710672354189 -0.612550706866 0.783760427679
0.225525018856 -1.47742055522 -1.23936989933 0.616502865895
1.04718977366 -1.92628774245 -0.726430495229 0.26161774041
1.05937130079 -0.689587739381 -1.3555309283 0.445278761504
-0.321474840328 1.63041770822 -1.74360679017 0.0187829397276
0.697770344489 -1.13458003332 1.66834950469 0.673369448956
1.25485809452 -1.98907517917 -1.32821108209 0.292745904339
-1.12597173564 1.60359976231 1.4606475383 0.0773912393227
-1.95299830401 1.56262850023 -1.41014592644 0.671893192369
-0.60143650533 1.59560296062 -1.87070651746 0.0642789289545
-0.0498847074218 -0.682140623583 -0.198830493953 0.95386177709
1.04598138546 -1.42955799553 -0.869275777978 0.101178773383
-0.394002066804 -1.02816863817 1.50282447282 0.0901636017307
-1.51418409068 0.902748175493 0.302169032406 0.624184736311
0.846120394659 0.97350996454 1.2098467874 0.885703059929
-1.98378448008 0.628029705199 -0.649332517977 0.0119125400659
-0.766905716386 -1.35097134085 -0.890879465699 0.155619481411
-1.35687823071 0.140444162563 -1.29734869495 0.522241882613
0.521071158478 -1.83995017468 -0.627219072559 0.652613274742
0.57628540325 -1.38530145781 -0.556218084384 0.172228979999
-1.73596280851 0.344310891873 1.03114515148 0.867972119937
-0.095929780149 -1.80072146465 -1.94573188769 0.712330207303
-0.60821768685 -0.0761377449448 0.0544327276872 0.693409736836
-0.542643923558 -1.01751119952 -0.553301202297 0.63773593269
1.36732215643 -0.261728713619 -0.681340615209 0.206602041487
-1.69743103538 -1.24229769088 0.469616619137 0.856345740728
-0.997546161497 -0.2182188865 1.45880484966 0.166172836241
1.75233008587 -1.26646825734 -0.943936961348 0.858145088708
-1.65249916167 -1.22011937153 -1.07203708623 0.534295727798
0.706051007877 1.41587173396 -0.4131203536 0.547558758008
1.43456612755 -1.54998089233 0.45526641542 0.233368810675
-0.278217219768 -1.86365580766 -0.99326558268 0.546728416432
-0.292715627901 0.188456218712 -1.91943609338 0.536881775015
1.52494528623 -1.45066538163 -1.1582629626 0.52062500626
1.2282764704 -1.76351825804 -1.53216840851 0.138759408201
-1.17028040354 -1.83064163806 0.369230405373 0.458997969891
-1.96014378829 -1.35546790118 0.140488165542 0.384185606285
1.50032908141 1.34082824617 1.02152795326 0.277598983082
-1.50680402061 -1.08971774876 -0.0990383144225 0.598798725912
-1.48158743559 1.2195273377 0.289260560558 0.460138868124
-0.592823532998 0.520066570177 -1.9919953731 0.175294205373
-1.36988236395 -0.133742798179 0.274655289802 0.909308451663
1.16950359079 -1.98104269572 -0.482225008948 0.109586481815
-0.366709381624 0.0828813975626 0.955185642652 0.141502209926
-1.24800376852 -1.71172843284 -1.70806167271 0.020800136374
0.713185800616 -1.31581060709 0.752219872577 0.856816003354
-1.73752574964 -1.98756920432 -0.352574914844 0.215436198841
1.25556371536 -0.742571162586 -1.76717331905 0.503455661101
-0.708882672386 1.22375436733 -0.53777384592 0.290777677992
1.93551427804 -0.47928246622 1.19877983496 0.615938144721
0.0455982386726 1.58669039165 -0.213699968579 0.293917767741
0.608602110431 -0.489728881854 -0.161704736584 0.205785108197
-0.0853534998014 0.760647769591 -0.569177524659 0.641822779809
-0.963618049659 0.565922794003 -0.936542139831 0.955144774179
-1.07082140927 1.75003065145 0.702764200442 0.355891660763
0.683190658346 0.479948803757 -1.29089377176 0.949646758215
-1.30793070632 0.634470560678 -1.07471082911 0.299530289259
-0.140318272288 -1.92467140554 1.99521243436 0.315610403149
1.3092880396 -0.987980688547 -1.02914694307 0.631929316981
1.07580963105 -0.0920567805591 -0.359901224766 0.266054464859
1.85015822383 0.109083856939 -1.28096450706 0.0642068563203
1.39170885034 -0.568364604926 1.94435467644 0.958349616016
0.919868190671 -1.49740750714 1.9420656366 0.723234997822
-1.82889115551 -0.616955331744 -1.88820761705 0.896053256766
-1.06507393513 -1.94868035295 -0.305587982145 0.992008916767
0.0911291255993 0.0675586743181 -1.1399748627 0.735336229662
0.0533237100151 1.61353586282 -1.35563553346 0.764598550495
0.797209678777 -1.98495735039 0.554174445111 0.542395335027
-1.19664879677 1.37865962368 -1.11279907773 0.874344957708
0.669645277599 -0.207470872201 0.741064187463 0.957918934748
-0.199939754447 0.624349470829 -1.10132804886 0.885732184692
-1.49168331346 -0.248037897093 0.453212724011 0.567704624651
-0.175474871089 0.162646117252 -0.00746301441682 0.853002562127
-1.51478215508 1.09070011825 -0.234759446983 0.905718814248
-0.747051477201 -1.48084990558 0.748458070352 0.25290971892
-0.492583570807 -1.56473732373 -0.192119956829 0.748652328089
-1.84058712497 -0.463383215278 -1.64507566953 0.422110118653
-0.766038217542 0.369544784393 -0.589973156414 0.411820202228
-0.332392621395 -0.898668487754 0.96726601621 0.727584660117
0.395214269928 1.562148035 1.4220849298 0.918867124612
-1.22713507889 1.07869365724 1.99291718359 0.999122267659
1.86352824645 0.355571862818 -1.65831628192 0.00602624071968
1.93297981472 -1.20371520477 1.89684855154 0.585661617235
-0.0225567633615 -0.971443403038 0.0798445463129 0.915331094468
1.83079730947 -0.0612520506866 -0.280984312127 0.632853799944
-1.25947358298 1.60362731471 1.92989465376 0.880264856139
-0.106691699311 1.0550393834 0.758632413194 0.209963974278
0.721661193979 0.00570946654554 -1.93596507813 0.0935703203036
-0.903942467189 -1.27369074523 1.53500909867 0.114109525431
1.03553566156 -1.50299315954 -0.61801598611 0.486960790119
-1.71701966954 0.388568877402 -1.63817584069 0.18602250419
0.845745761428 -1.63585203948 1.02125242629 0.351315370014
0.606160353687 -1.52037789492 -1.56788725529 0.137116099927
1.82407207293 1.10537987556 1.34634783527 0.515914861398
0.593775608743 0.873971339749 -1.57026809773 0.793822298139
-0.880712857883 1.84194650964 1.68328074426 0.627126179368
-1.96096601981 1.04740762858 -0.757160721318 0.268807271261
1.2737809338 -0.305176508671 1.16722256704 0.219133314865
1.3237472072 0.927096591312 -1.24710900869 0.86819810112
-1.79932668783 -0.299747183784 0.324789911415 0.103651430384
0.18819682678 1.64135799348 -1.12616384449 0.72762100051
-1.25177821584 -0.420637560783 -0.39291490077 0.835303309732
-1.81333870439 0.348980975665 1.93317779769 0.365381113338
1.54686673383 -0.0925528454941 -0.371692715169 0.999260676943
0.974592550359 -1.87590275015 -0.997953567561 0.265533016322
-0.369665606239 -1.27151938893 1.27957002352 0.716093432604
-0.594462237456 0.341696784152 -0.0214403689749 0.398799072449
-0.346168384954 -0.647437667913 0.0563702250853 0.343350886605
-1.22555503346 -0.440629784121 0.357805976993 0.320125485004
-1.19456564873 1.52144241509 -1.90026633118 0.24633357759
0.263503855623 0.46973503147 0.980817143031 0.0610391369084
-0.235413461408 1.9084424137 -1.90186995398 0.0355196430474
-1.10931353548 -1.33580747948 1.32050667161 0.487887124706
-1.16944037807 -1.66306561803 0.749998871496 0.79967438185
1.67410695305 1.08606452903 0.770414829323 0.572797710003
-0.391148892677 -0.762222135424 1.66914089052 0.287296958156
1.24266035874 1.76755768448 -1.37606371793 0.565420709575
1.07070125133 -1.47673113782 -1.24974966417 0.820191220049
0.229327620886 -0.0934428615708 -0.88130034285 0.359764708144
-1.000017818 1.07943100086 -1.05532812672 0.526605762621
0.713224236367 1.98265965705 0.297361837411 0.879058950712
1.37729838761 0.343425786707 0.646514535062 0.191505317797
-1.08843402803 0.220978106211 1.36466420596 0.655255316393
0.227152426903 1.20853515355 -1.4514257293 0.476228632506
0.300664297134 0.690902626551 -1.8940179178 0.559929978271
0.374392080213 1.1080454951 0.438206956301 0.0552190134869
-1.00208534166 -1.88193264592 -0.280902337287 0.707051127227
1.67981699667 1.76191265795 -1.42039787039 0.341109922721
0.685964729228 0.745208719944 -0.47377362088 0.96342276715
0.856232172769 1.55664671237 1.88053448899 0.698371046182
0.856870655005 -0.686219728816 0.250535200039 0.809202882868
-0.685184801469 -1.4130078676 -0.307992271073 0.646847398041
-1.0871313021 -0.592672408221 0.60567137037 0.899086152461
-0.43005873038 0.415059094432 -0.541769341628 0.817830543328
0.660351739188 1.13395370018 -0.160816332492 0.922066208705
-1.83903654222 0.466880837416 0.170086141526 0.659237840734
0.0744838893025 1.15879973696 -1.23239112775 0.536714465629
-0.0799742751376 -0.524569012759 1.44455503477 0.29224169762
-1.32653881522 -0.0896295931101 -0.224795117536 0.11421783064
-0.123171311484 1.35031179403 -0.380095767065 0.911713401204
-1.5135801875 1.58619929649 -1.73737589941 0.391240383035
-1.7860036885 1.74145357476 1.54740513451 0.990214294337
0.257305644757 1.5682751273 -0.293690111436 0.493549392184
-1.93865717114 -0.0502837474796 -1.95117646813 0.033596052257
1.43625749678 -1.31464359486 1.61198790237 0.317811277314
0.654783150816 -1.7878978146 0.0999187661418 0.140506049827
-0.475289370369 -0.855135963822 -0.726956865758 0.0637540936873
-0.886941389086 1.70078223627 -0.633599925896 0.346645314593
-1.63689239671 -1.28444967965 -1.13636909125 0.204996949799
-0.669724856707 1.39107948451 -0.63497677164 0.231006943839
-1.92660992927 -1.91735436189 -1.18624349316 0.117865602705
-1.18436755148 -0.958998056545 0.486079995894 0.0875401566206
1.03822747123 -0.147207210881 0.938403810339 0.260952547398
0.646832877348 1.88167059923 0.957065981905 0.888608306979
1.48612467128 -0.714983677725 0.493914695327 0.220003378814
1.41207969374 -1.28677995538 1.61575234291 0.203701911078
-0.274811254287 -1.87680130174 -1.73295780041 0.305347309646
-0.692112490348 -0.737223511916 0.569348450077 0.362618128189
1.51598186205 -0.84782712707 0.986410026723 0.827911282309
0.718761851131 0.459383583512 0.212517904382 0.476290229474
0.853521851678 1.46359647386 -0.979155940015 0.980053729329
-0.767202074308 1.18457272468 -1.83425574937 0.838041354898
1.45813847894 -1.11428959778 0.0451705786338 0.299088483487
-0.795677839471 -1.09195954586 0.0568015498641 0.293056258253
-1.03707958473 -1.18706365673 1.97795279553 0.498200074686
0.631095846073 1.39170591893 -0.841198000501 0.218207280058
0.0325400162157 -1.46754922256 -0.311963131423 0.151151152255
-1.2017206573 1.05772345161 -0.739946903868 0.794771003049
-1.466141922 0.503881503647 0.908606766791 0.311837833679
-0.921995339944 -0.0914510364919 -1.29703161193 0.975230099661
-1.31409996297 -0.422531161664 0.623634540531 0.17219961576
-0.949034736829 0.757905519085 -0.656733188131 0.369535272786
-0.300884516715 0.752190546452 -1.32989370206 0.23480944714
-0.291071683186 0.0716366784832 0.789450515988 0.263811697251
0.318953063995 1.75875782319 1.38435539814 0.405716013557
0.137504123887 -0.954582864156 -1.23968937648 0.179850380766
1.72393548085 -0.63569543093 0.232685956554 0.369237227817
0.809119858624 1.89964374342 -0.908132609378 0.31527573485
0.743382554449 1.02877490611 1.26259825429 0.0922183818188
0.319644967649 1.56465762471 -1.32695014587 0.271272083511
0.911348206312 -0.164123713544 -1.2847196856 0.276059058278
-1.34487758936 0.818607127865 1.63964481381 0.560714589918
-0.0299882983551 0.661452734355 1.48775184106 0.774547370091
1.39903704266 -1.71800539207 -0.699539038705 0.462764823754
-0.451265102366 1.28493402449 1.62326337788 0.519256690715
1.82812758129 -0.217689266616 -1.71631779084 0.218823354057
-1.67874376791 -1.20605654722 -1.68867900266 0.873885199628
-0.0919080398817 -0.317351339744 -0.676514202142 0.923918436529
-1.49528251822 -1.32774333055 1.03275417057 0.39839676146
1.80577475804 -0.118942926131 -1.05729405568 0.511149499747
-0.369046355398 -1.51048010806 1.96793842532 0.465256685153
-0.014684461051 -0.375415908367 -1.75309153172 0.870609341768
0.444233222755 1.96848423991 -1.33161633822 0.433715248552
1.68704578628 -0.217219311663 -0.942169539126 0.464063224273
-1.66508315147 1.75617821829 1.69682000525 0.997385596944
0.651814960138 0.0953776889667 0.695723671048 0.638704492956
-1.5163704846 0.406966228333 0.703259425888 0.790222983268
-0.570611804578 0.643403562514 -1.95135314039 0.326769756826
1.07732211658 -1.16985529724 -1.67557847409 0.00434854292045
1.66883199331 -0.383494959191 0.774431783414 0.355847518743
-1.11417938115 -0.428692851537 -0.0438265002148 0.0258407597292
1.68502659083 0.701833127246 0.629703876779 0.745267794415
-1.1515091011 1.80220396932 1.21778511502 0.993842608253
-1.4433046584 1.01438934451 -1.82115531837 0.102804347355
-0.705086648641 -1.48515377356 0.800459110511 0.466542229485
1.29987225879 0.50033988057 1.45193451828 0.4589103406
-0.309967126141 0.721015567628 1.39920450374 0.371293555375
0.956209107132 -1.44888942553 -1.24445792791 0.457369585464
0.0428277383592 -1.36723929876 -0.951035317669 0.465698836552
-1.89510745019 -1.33783771968 1.02280127611 0.839715687208
-0.32893141877 1.85779416582 -1.24826003628 0.584898484372
0.580539667167 -0.764043819649 1.75990662153 0.152091225842
1.08876940331 1.09674717974 -0.704535677232 0.505171408408
1.39790813361 1.79439030426 1.55441095428 0.196192446643
-0.218263401333 0.175455296515 1.11026368196 0.830775822016
0.804346727671 0.928625193337 -0.285198294127 0.465975402605
0.869346392825 -0.272890729225 1.11631787752 0.895790640116
-0.284973915859 1.63029149765 1.9108803385 0.469376197
0.188849285296 0.103437207311 0.572654339311 0.395144480811
1.4310944997 1.26133707161 0.484424030208 0.335072643845
-1.0038194411 1.05234112617 1.70999126167 0.89201358921
1.66288836988 1.8401704786 0.801970508019 0.0745801609293
-1.68279928456 1.89814719606 1.37630720414 0.404277869248
1.3129107004 0.704324683642 0.262205321328 0.0883258210335
-1.18785610935 0.0631406454967 1.16622878144 0.729548802279
0.176206774117 -0.853207602796 1.64152525959 0.734385625113
-0.426970879661 0.211984010872 -1.52695585736 0.353387497146
-1.08430399122 0.840713572745 -0.515362796332 0.44691273793
1.43857766393 0.710697320396 -0.942010342026 0.433398954631
0.738749706297 -1.02278006229 0.771903147337 0.500705595596
-1.96655433896 0.977944026434 0.830369732764 0.0550517887729
-1.4383878572 -0.441015543315 1.49955420997 0.207520542187
1.191422206 1.54816393209 -0.901602734022 0.658377355855
-0.736131352091 0.134151842123 -0.779369925807 0.904859337872
-1.12056703371 -1.11505016597 -1.3468431912 0.900734239545
-1.74766957978 -0.297617152073 -1.4072165742 0.054873422045
0.0602995436263 -1.15116552337 1.1820660965 0.126091283669
-0.958163089571 0.121817063277 1.51501367563 0.615828141779
-1.66240944373 0.245137639974 0.870860597924 0.289859015989
0.410530720816 -1.67145750195 0.823563869781 0.669879370727
1.70849310456 1.13981025856 0.297154264587 0.644420544009
-1.9123541844 -1.36978562963 -0.431671809211 0.693889222773
1.31607033179 1.2505860019 0.501177806587 0.646981645803
1.70955408209 0.42700224576 0.679044453134 0.477644636355
1.28399866479 1.41414272091 -1.57494555101 0.320879409769
1.30401662141 1.385823086 1.40350926736 0.962604662198
-0.310097573471 -1.13066117991 1.11261548713 0.159891965318
-0.512202643177 1.49659569026 0.0170852676841 0.63262445848
1.57493813521 1.36534337104 -0.976932610712 0.396958066502
-1.10827756164 -0.880671225624 0.686086634013 0.99926052666
-1.02567394849 -1.86463932431 -1.71955257678 0.587592194807
1.7601399198 1.44036474724 -0.485037813541 0.209880892993
-1.93098573014 1.07212760589 -0.363666959201 0.0529608347199
-0.557320301444 -1.33721600701 -1.92243918186 0.989730251382
0.940109260004 1.61151323738 -0.835542155691 0.557448171125
-1.37896329133 -0.734713034587 -0.0960728130081 0.0403920724712
-0.613855679126 1.50347563556 1.12528103756 0.438566840019
-1.33410933478 -1.10171827713 -1.19003531384 0.60717967542
-0.931883496778 0.0707534688384 1.20007230433 0.257402463178
0.717689143828 -1.87567554744 0.293919778279 0.908759989354
0.998818647927 1.46684279556 1.50082516952 0.362558163412
1.02891469904 -0.443121522831 0.273206086175 0.445752616897
-1.69644705353 1.03112004941 -1.03935927253 0.537821743673
1.70368167216 -1.77203133519 0.200947981203 0.288286534331
-1.45204378513 -0.787403885351 0.571898877332 0.949490399236
1.76686588527 0.859121875663 -0.92879244767 0.649106928348
-0.963879165924 -0.1507008649 0.923400318275 0.288084254263
0.169614590913 1.7702525662 1.68664731956 0.870750815711
-1.80592922929 1.25076981901 0.285462249226 0.612502968176
1.04773429792 0.15045870673 1.74899016579 0.276539735852
0.0506182397582 -1.19867652881 -0.190743952421 0.9003438295
-1.56326639547 0.543503229908 -1.97304242355 0.80187169613
1.13416329773 -1.76033115133 0.743815630816 0.147773753321
1.36764747645 0.170223761406 -1.69406745502 0.995409379424
-0.269519388419 1.73650072919 0.241486951521 0.965924529302
-0.244058976941 -0.776776554286 -0.645046108484 0.0732479334771
-0.0293540674429 -0.520571990266 0.810867317765 0.542606582057
0.994588618311 -1.71464189939 0.277914358068 0.543105688938
0.670795492489 -1.64847359805 0.0919525532065 0.936111081113
1.50619644608 -1.11542639499 -0.396996054898 0.855688137212
-0.00112233141121 1.12823378492 -0.923464770357 0.432139468087
-0.52189002076 -1.68004807686 1.70932206855 0.405436741509
0.548474812644 1.74409330837 0.798136900114 0.831221650722
1.45798619257 1.54093988346 0.912405218244 0.88371482602
-1.7134070704 1.92884576422 -1.65796183909 0.698531728177
1.8175206691 0.968260178289 -1.76166559879 0.392034290044
-1.55366649262 -0.640378541805 0.379570852137 0.918969402268
1.40043161028 -1.14758498514 -1.87781977007 0.827405494701
0.386538631904 -1.82691495111 1.38449292889 0.352641623218
0.273522225035 1.83767420013 -1.75468982869 0.592628371397
-1.39692394808 -0.179189618539 -1.6653379135 0.520651039117
0.145689590556 -1.09259342228 0.765663508084 0.480279188977
-1.06403715244 0.909230030129 1.58469548847 0.445639710289
-1.33709808782 -1.55411327042 -1.370668417 0.679201001092
0.925083629678 0.0132932805356 -0.290491611962 0.616675758364
0.897012182006 -1.46837599107 0.358238412939 0.92629563431
-1.39831595617 0.175419004277 1.68606676299 0.079954246573
0.80022255229 -0.09700508926 1.93271082937 0.703037570434
-0.97006584242 -1.32531479743 1.62640711417 0.104867445548
-0.247059270858 -0.0787849265948 -0.103189243363 0.565717157887
0.298100271124 -0.64365818429 -0.137321570762 0.154503973194
-0.644574842102 0.560364383636 1.86593520012 0.328756007542
-1.05448993309 -0.499671335638 -1.87742448378 0.892118113335
1.42662641673 1.88715717639 0.0895945448985 0.184241565574
0.801870581859 -1.16456990334 -1.00907407876 0.584694634813
0.75647728023 1.90643610105 1.05458590437 0.712680363495
1.62755545885 1.2076573808 0.521536615341 0.524648689539
1.85978602746 -1.74052731075 -1.57488203633 0.931751376088
1.38003503321 -1.48110734235 -0.745555793611 0.372864966673
0.591545985157 0.168504928485 1.89755288726 0.45646856363
-1.79482054457 0.610043364432 -1.0129329264 0.236208274099
-0.937827137999 0.464790904694 1.60608800665 0.37940018858
-0.319902048081 1.91602087246 -1.68142194976 0.392623753976
0.841274824174 -0.970359202911 1.05564529816 0.518381153427
-1.26243285157 0.443632072624 1.93625588413 0.433322227057
-0.191426979341 0.489497915033 -0.224260787558 0.273393528179
0.39259992407 -0.44969370946 -1.31412276295 0.398788443271
-1.49953560703 -1.28789622738 0.858438152497 0.85252495696
-0.0605137644856 1.93368122191 0.854238327996 0.535766899655
0.73716022815 -0.531536800734 1.52753512382 0.90150795446
-0.53624325758 1.63148400814 1.02957744987 0.0268426222902
0.159829096957 1.59976438508 -1.90001469621 0.879348441472
0.321677432763 0.70064700167 -0.520735351901 0.605543884713
1.36381272362 0.305411344367 -0.261802108521 0.506160200281
-1.79613619008 1.29719531103 -1.5365330834 0.502617245267
1.042449759 -0.645252722086 0.853085324194 0.271341468494
-0.704146408457 0.953620517782 -0.566187240557 0.811203234931
-1.73423211146 1.04182686383 -0.293019145881 0.0871066853511
-0.630677817681 0.692106605347 1.80478009115 0.284133698679
-0.742494018749 0.0440851972191 0.354355222951 0.570925344029
-0.0437379347313 -0.677536755318 0.350250311647 0.682907182409
-1.26036560801 -0.264329007827 1.62496810734 0.996709146066
-0.896742966929 -1.22205758435 0.586389207856 0.326165652261
0.107300551923 1.27059763941 -1.01046782109 0.957976405456
-0.0503497487082 1.50489079418 -1.28141717483 0.160361236846
1.25290626204 0.353764589304 1.43721930486 0.797099417174
-0.867973135194 -1.73112758735 1.6036865975 0.863569171789
-1.52978168398 0.772552861349 1.75908378542 0.875294619527
-0.859611687829 -1.96697509891 -0.172531975562 0.53234763974
-0.628020866281 -1.24874179859 0.199951685444 0.502866112758
1.48476239409 -0.323387495883 0.219419124735 0.547040887633
-1.13790305973 1.61031309957 1.13604900859 0.0872762791344
-0.932812137765 0.170414207635 -0.478120435969 0.506755015291
-1.49655788268 1.1962652563 1.75711188522 0.720178309434
1.50285986508 -1.22751440081 1.79099439294 0.594034531483
-1.17558151749 1.1467785556 -1.18577099589 0.039628467986
1.80104753863 -0.824975817589 -0.502881935869 0.414645619246
-0.746717604138 0.844697220396 -0.587125166191 0.746695603173
-1.66123704396 1.27239108023 -0.778572047048 0.255577704706
1.38756557486 -1.41398306839 0.04656882527 0.517889041784
-1.68533945388 -0.332857880546 -0.771219273294 0.0322882607368
0.659482156364 -0.933826946844 1.56984158392 0.505397348543
1.52193798442 -1.5483478187 -0.870478221445 0.813815507597
-0.437583780055 1.96335934011 0.398136481466 0.407975003112
-1.23221160471 -0.532883878798 -1.3601293178 0.336643154105
