0 0.5 0 0.015
0 -0.6 0 0.035
1 0.3 -0.1 0.002
0.382 0.837 -0.22 0.03
0.555 0.232 0.121 0.025
0.3 0.588 -0.23 0.03
0.8 0.9 -0.2 0.013
0.12 0.102 0.23 0.098
0.31 -0.22 -0.3 0.09
-0.23 0.54 0.3 0.058
0.13 0.44 0.2 0.13
0.5 0.34 0.23 0.002
0.8 0.13 0.14 0.022
-0.13 0.33 0.25 0.11
-0.15 0.22 0.141 0.043
-0.22 -0.111 -0.3 0.02
-0.44 -0.2 -0.3 0.019
-0.53 0.2 0.1 0.02
0.4 0.22 -0.3 0.033
0.55 0.23 0.38 0.023
0.23 -0.13 0.55 0.2
0.53 -0.23 0.58 0.15
0.23 -0.23 0.11 0.09
0.25 -0.98 0.15 0.1
0.89 0.23 -0.45 0.2
0.13 -0.13 0.55 0.2
0.53 -0.29 0.58 0.15
0.23 -0.23 0.18 0.09
0.25 -0.48 0.15 0.1
-0.84 -0.2 -0.3 0.19
-0.53 0.2 0.35 0.02
0.4 0.16 -0.3 0.19