0 0.5 0 0.045
0.1 0.5 0 0.045
0.2 0.5 0 0.045
0.3 0.5 0 0.045
0.4 0.5 0 0.045
0.5 0.5 0 0.045
0.6 0.5 0 0.045
0.7 0.5 0 0.045
-0.1 0.5 0 0.045
-0.2 0.5 0 0.045
-0.3 0.5 0 0.045
-0.4 0.5 0 0.045
-0.5 0.5 0 0.045
-0.6 0.5 0 0.045
-0.7 0.5 0 0.045
-0.8 0.5 0 0.045
0 -0.5 0 0.045
0.1 -0.5 0 0.045
0.2 -0.5 0 0.045
0.3 -0.5 0 0.045
0.4 -0.5 0 0.045
0.5 -0.5 0 0.045
0.6 -0.5 0 0.045
0.7 -0.5 0 0.045
-0.1 -0.5 0 0.045
-0.2 -0.5 0 0.045
-0.3 -0.5 0 0.045
-0.4 -0.5 0 0.045
-0.5 -0.5 0 0.045
-0.6 -0.5 0 0.045
-0.7 -0.5 0 0.045
-0.8 -0.5 0 0.045